---=== MIN_COST_HEURISTIC ===---

dim=10
[[(2, 0), (3, 53.600373133029585), (1, 29.274562336608895), (8, 67.05221845696084), (4, 75.8023746329889), (5, 42.0), (9, 109.11003620199197), (7, 81.41252974819048), (0, 19.6468827043885), (6, 75.4254598925323), (2, 68.26419266350405)], 621.5886297701954, 621.5886297701954]
needed to do 69939 returns
45.364518 seconds



---=== AVG_COST_HEURISTIC ===---

dim=10
[[(2, 0), (3, 53.600373133029585), (1, 29.274562336608895), (8, 67.05221845696084), (4, 75.8023746329889), (5, 42.0), (9, 109.11003620199197), (7, 81.41252974819048), (0, 19.6468827043885), (6, 75.4254598925323), (2, 68.26419266350405)], 621.5886297701954, 621.5886297701954]
needed to do 4820 returns
0.532269 seconds

dim=11
[[(7, 0), (0, 19.6468827043885), (10, 44.40720662234904), (6, 31.064449134018133), (2, 68.26419266350405), (3, 53.600373133029585), (1, 29.274562336608895), (8, 67.05221845696084), (4, 75.8023746329889), (5, 42.0), (9, 109.11003620199197), (11, 73.68174807915459), (7, 61.032778078668514)], 674.9368220436629, 674.9368220436629]
needed to do 14565 returns
3.774355 seconds

dim=12
[[(5, 0), (12, 14.866068747318506), (4, 39.56008088970496), (8, 75.8023746329889), (1, 67.05221845696084), (3, 29.274562336608895), (2, 53.600373133029585), (6, 68.26419266350405), (10, 31.064449134018133), (0, 44.40720662234904), (7, 19.6468827043885), (11, 61.032778078668514), (9, 73.68174807915459), (5, 109.11003620199197)], 687.3629716806864, 687.3629716806864]
needed to do 57169 returns
55.549985 seconds